109																																																																																																													
1a_d	0	0.776347987	0.47088786	0.128092579	0.738571912	0.962160825	0.976383759	0.997614037	0.968798341	0.999829317	0.954073999	0.943520474	0.953563079	0.941310983	0.958852314	0.955856084	0.95549126	0.950003632	0.955122636	0.960753688	0.961512314	0.967694021	0.983094814	0.965241135	0.995882839	0.029051647	0.772276432	0.504715074	0.129914325	0.73871433	0.959297082	0.968274257	0.966954394	0.958943898	0.989027092	0.953240857	0.94239062	0.953563079	0.939780409	0.958412157	0.950333039	0.94432875	0.950003632	0.949064996	0.960753688	0.951609461	0.964050348	0.965718835	0.965241135	0.962809212	0.966532914	0.967589823	0.965460036	0.967484001	0.962965126	0.960917207	0.962015261	0.961559547	0.96399192	0.963540666	0.957998971	0.964918679	0.963940873	0.968819549	0.963948947	0.965773143	0.965227726	0.966294833	0.963916756	0.962334573	0.964088233	0.963040577	0.961667418	0.957900418	0.965318856	0.963334239	0.964302237	0.963261389	0.965795282	0.964263414	0.96384686	0.961161476	0.965756754	0.958939799	0.96292268	0.964747928	0.965508988	0.965837229	0.959989124	0.965666734	0.964298042	0.970168678	0.961581728	0.964534302	0.964860704	0.965651888	0.961924221	0.961340382	0.961840638	0.964694075	0.962631782	0.961717013	0.964600102	0.959430802	0.965420205	0.965737996	0.960135411	0.962225252	0.963573929
1b_d	0.776347987	0	0.891893252	0.665193842	0.925891979	0.98823897	0.984324338	0.982795397	0.992389846	0.999286351	0.12773924	0.132721075	0.126781601	0.182294904	0.15740295	0.470602241	0.523477518	0.657186878	0.60847964	0.687379093	0.991362193	0.987656822	0.993790774	0.984730908	0.994735486	0.778325396	0.006392667	0.893836329	0.66551195	0.925897334	0.985613576	0.983240621	0.97161915	0.990326469	0.998324062	0.131666545	0.138956922	0.126781601	0.192202393	0.157884359	0.587108517	0.58411195	0.657186878	0.646990322	0.687379093	0.985222462	0.985987878	0.987318344	0.984730908	0.984579109	0.943439631	0.939374396	0.948236628	0.947209995	0.934678316	0.938146376	0.93064299	0.928085279	0.938997693	0.935402143	0.924930692	0.940509355	0.934664776	0.929542303	0.932726328	0.938601241	0.938408963	0.928311984	0.925439239	0.928881605	0.937200089	0.919824407	0.931706097	0.914286728	0.93385781	0.928949499	0.932577493	0.921789528	0.928929067	0.922918356	0.935886073	0.908465061	0.936181566	0.913651702	0.928892191	0.940325449	0.938655499	0.93491024	0.929500688	0.93681242	0.941043924	0.945822587	0.932577699	0.924655495	0.943281094	0.94139505	0.940235105	0.936352053	0.929690559	0.943307844	0.931260493	0.941733321	0.941001109	0.92697069	0.937553333	0.932366983	0.929020702	0.938774656	0.934235669
1c_d	0.47088786	0.891893252	0	0.450757547	0.369934859	0.722773176	0.838043888	0.998915218	0.902741029	0.999966142	0.961302131	0.938367957	0.946683883	0.911360359	0.980929658	0.958123655	0.921867489	0.79116755	0.895660285	0.889257145	0.784797083	0.834043059	0.941406484	0.698025734	0.965010778	0.446868336	0.872328251	0.011068537	0.450044967	0.370671194	0.705410286	0.779501816	0.724161067	0.842591789	0.935496648	0.956867304	0.932748005	0.946683883	0.90245621	0.979451255	0.821057798	0.813639544	0.79116755	0.815839494	0.889257145	0.68298726	0.798268096	0.77364707	0.698025734	0.734018008	0.829232479	0.826718427	0.796148263	0.809299533	0.809922275	0.785164173	0.786167731	0.79325612	0.798091762	0.795118458	0.780358391	0.796321503	0.810654203	0.830123997	0.80942197	0.804449689	0.825116977	0.825577765	0.809081213	0.785513362	0.804925047	0.808296174	0.796562538	0.785922006	0.809689817	0.813355113	0.793160366	0.796955727	0.823470149	0.827213315	0.795710304	0.811550428	0.809659253	0.799922258	0.786290607	0.801120847	0.833282968	0.817958058	0.778280348	0.792256814	0.810652949	0.844083803	0.80306009	0.813265929	0.803904597	0.83248362	0.798548795	0.781980371	0.799164223	0.823730679	0.794679179	0.776631397	0.802065774	0.786533932	0.82145134	0.825475407	0.808007128	0.798068008	0.805412434
1d_d	0.128092579	0.665193842	0.450757547	0	0.601079749	0.89695541	0.947009199	0.995476494	0.966480323	0.999833449	0.868129326	0.850877271	0.85740432	0.834687455	0.883302401	0.86258466	0.862070645	0.807306055	0.854230941	0.844216566	0.930311709	0.923710059	0.968193678	0.87747892	0.974506891	0.119589602	0.651929695	0.455848942	3.63E-05	0.601173694	0.876637905	0.926247831	0.855614286	0.945392816	0.971622123	0.86560744	0.848158986	0.85740432	0.829970437	0.882348813	0.79939891	0.807627556	0.807306055	0.821055408	0.844216566	0.882082804	0.907955153	0.904483548	0.87747892	0.880391596	0.903779954	0.89702539	0.897471656	0.89239142	0.89357975	0.893635873	0.893317433	0.895160664	0.892802016	0.897828266	0.892430518	0.89513927	0.896494247	0.900109593	0.895903586	0.894254878	0.903152957	0.90134978	0.898608587	0.885633931	0.896915275	0.897619188	0.896605571	0.886950919	0.891157806	0.900993011	0.895129995	0.891816423	0.901779905	0.898165077	0.896087923	0.892952506	0.891741823	0.893365273	0.88994169	0.887939144	0.903117488	0.902287851	0.89330258	0.891481064	0.895096977	0.914141703	0.897409224	0.891627004	0.894715995	0.905151148	0.901250735	0.894771055	0.89047067	0.908038593	0.897685817	0.893010305	0.898550459	0.89579383	0.902690929	0.904199261	0.900427427	0.899882214	0.893503945
1e_d	0.738571912	0.925891979	0.369934859	0.601079749	0	0.512947104	0.802048906	0.999508379	0.916067846	0.999987432	0.956729702	0.929369812	0.931896815	0.871103286	0.983192762	0.839185204	0.818382268	0.442829329	0.713548686	0.626919535	0.73187494	0.70519001	0.888500302	0.388115372	0.888468148	0.675820708	0.899205402	0.319146855	0.597967725	3.21E-06	0.421988722	0.717400719	0.309266651	0.846002426	0.916090154	0.94990112	0.921639839	0.931896815	0.854660932	0.981197901	0.485017476	0.548008749	0.442829329	0.535510069	0.626919535	0.488796193	0.629004081	0.582662262	0.388115372	0.420716596	0.649357874	0.613861072	0.603282061	0.578222355	0.598871561	0.597939804	0.601091068	0.615693592	0.584302693	0.620086974	0.615396884	0.596708308	0.620918329	0.639542052	0.616481474	0.598407387	0.649675669	0.651631457	0.638334304	0.556788154	0.613681843	0.632777319	0.623032067	0.593082462	0.583181505	0.64809417	0.6047805	0.597873585	0.650934341	0.643335216	0.614300166	0.633220888	0.584608417	0.63232658	0.58135204	0.557408425	0.6498085	0.649336074	0.607307509	0.577610274	0.598549867	0.696847909	0.631508245	0.606988296	0.592279581	0.660399037	0.642093407	0.603211821	0.591543262	0.672161929	0.625957752	0.588829584	0.613263999	0.62354091	0.647617526	0.664591327	0.653426869	0.634835042	0.601447428
2a_d	0.962160825	0.98823897	0.722773176	0.89695541	0.512947104	0	0.363032464	0.704364598	0.455134448	0.711057528	0.965386185	0.934991823	0.949700141	0.893573025	0.986896304	0.885392252	0.867558367	0.622244297	0.789467994	0.760278769	0.690233016	0.590427026	0.793781785	0.461733666	0.727349922	0.920984205	0.969202711	0.698516877	0.895395704	0.51303079	0.055668723	0.351428222	0.342415521	0.393153046	0.642806432	0.959613301	0.928192682	0.949700141	0.880706723	0.985181245	0.676003083	0.690399573	0.622244297	0.674767917	0.760278769	0.544598662	0.542487254	0.569524081	0.461733666	0.408292453	0.43723091	0.443646415	0.442431405	0.443318568	0.365250629	0.432949909	0.420072868	0.445081669	0.420904927	0.422992282	0.447856508	0.432734266	0.448936837	0.444913858	0.42399935	0.471961735	0.426928993	0.461366914	0.464895949	0.418487936	0.449140997	0.422015768	0.460476319	0.411470678	0.404768058	0.458016727	0.443617924	0.43735266	0.44569588	0.471386086	0.466869811	0.498794273	0.420913968	0.457223695	0.424975396	0.430227606	0.43527682	0.429070604	0.423599279	0.444442467	0.392987277	0.460841186	0.45002133	0.479151604	0.409621243	0.442808748	0.434729212	0.438628816	0.403442112	0.454931466	0.399340989	0.396903708	0.401332065	0.430716773	0.444665201	0.487837802	0.456531735	0.465967458	0.421194892
2b_d	0.976383759	0.984324338	0.838043888	0.947009199	0.802048906	0.363032464	0	0.573077918	0.140853184	0.379688362	0.96482736	0.960900117	0.963491327	0.94565075	0.981957238	0.967593874	0.966093792	0.851423322	0.916141296	0.916293634	0.795421202	0.70109038	0.821419681	0.732835432	0.744204864	0.957621648	0.973579266	0.825030694	0.946522054	0.802172701	0.432121083	0.049800069	0.553465001	0.137963287	0.323695272	0.96162062	0.958239877	0.963491327	0.939995217	0.981142609	0.871346173	0.901169011	0.851423322	0.870103417	0.916293634	0.752556551	0.685061474	0.71835091	0.732835432	0.610165628	0.474879142	0.523084294	0.508291124	0.537277998	0.443952992	0.516157862	0.486310366	0.515015851	0.516656888	0.472737779	0.508825987	0.513867103	0.514193399	0.488224698	0.490185661	0.557732161	0.46798959	0.503707809	0.516828787	0.533713392	0.522933998	0.486244992	0.524434922	0.497019092	0.497647924	0.510213364	0.5111453	0.523953208	0.483765718	0.536037419	0.529936987	0.585373278	0.517343178	0.523107744	0.511020078	0.551732978	0.492620035	0.451128755	0.476070364	0.539562424	0.479342031	0.450488625	0.502966599	0.567407304	0.494003202	0.48126466	0.462430821	0.509781076	0.485302069	0.481770467	0.430821003	0.452946739	0.461386417	0.488428533	0.487507424	0.527505218	0.500415051	0.518256097	0.49742271
2c_d	0.997614037	0.982795397	0.998915218	0.995476494	0.999508379	0.704364598	0.573077918	0	0.547446711	0.722119294	0.98418973	0.981245072	0.983237086	0.979332109	0.98583872	0.970705552	0.970866291	0.985647152	0.976331185	0.988652896	0.94552953	0.864817293	0.87049144	0.940129059	0.720655014	0.997736837	0.98340131	0.998981406	0.995485084	0.999509109	0.80543825	0.684902408	0.899821754	0.64081236	0.761070588	0.984269522	0.981406683	0.983237086	0.979690683	0.9858443	0.985489077	0.982481274	0.985647152	0.983130232	0.988652896	0.965045064	0.882415214	0.916300413	0.940129059	0.893974917	0.775464916	0.802018568	0.815345548	0.827370594	0.757728212	0.814283026	0.800251776	0.805235738	0.807570393	0.787685026	0.815865533	0.81090025	0.806319927	0.781855429	0.78972247	0.835649745	0.765295403	0.788573356	0.801676166	0.82487844	0.809632089	0.765499289	0.8153309	0.799693143	0.794679863	0.790050528	0.810092525	0.807649131	0.77522677	0.800067646	0.827025629	0.832577909	0.805770972	0.80358648	0.814567573	0.832523636	0.769386681	0.768685083	0.800913562	0.829415759	0.778242335	0.752346767	0.801073529	0.834610201	0.795730061	0.770832717	0.785595563	0.814039318	0.793334872	0.774300763	0.767480458	0.796987306	0.773458788	0.793165111	0.780177273	0.801028061	0.788426078	0.813476024	0.798471013
2d_d	0.968798341	0.992389846	0.902741029	0.966480323	0.916067846	0.455134448	0.140853184	0.547446711	0	0.313399933	0.981629791	0.966865534	0.981481054	0.963391402	0.989002502	0.993411048	0.984140757	0.947238867	0.968369129	0.969559105	0.839177664	0.729020099	0.814234689	0.829670636	0.749897664	0.952766202	0.982702039	0.899497083	0.966094594	0.916137078	0.538590622	0.244351912	0.732082327	0.045672868	0.334356932	0.979553909	0.96396382	0.981481054	0.959413631	0.988103924	0.956596562	0.946881602	0.947238867	0.944597413	0.969559105	0.830512866	0.732399174	0.790495247	0.829670636	0.737076069	0.565050765	0.618058699	0.625606009	0.646845853	0.544890779	0.62430855	0.608827022	0.624182763	0.626810299	0.59075119	0.62226782	0.628989547	0.615632654	0.595814838	0.594641626	0.672510298	0.560484244	0.60304711	0.622154484	0.653683146	0.627369372	0.587921719	0.635401236	0.607134343	0.611337945	0.603038815	0.633490917	0.635113254	0.582205527	0.622808454	0.650906595	0.678660873	0.625682969	0.618391731	0.636144705	0.664250048	0.569728123	0.558658358	0.601409536	0.662567481	0.575701833	0.535653038	0.602884498	0.671397428	0.601987163	0.561975988	0.57126275	0.62774362	0.595052537	0.567518284	0.555641446	0.585902139	0.575088282	0.599038375	0.57972534	0.61427229	0.591522679	0.623681444	0.602708991
2e_d	0.999829317	0.999286351	0.999966142	0.999833449	0.999987432	0.711057528	0.379688362	0.722119294	0.313399933	0	0.999241246	0.999268645	0.998889586	0.999297197	0.999264303	0.999476612	0.999513062	0.999081145	0.997741717	0.999101167	0.95255323	0.846853694	0.883697475	0.929895792	0.823201134	0.999753873	0.999290279	0.999965964	0.999831593	0.999986181	0.740587621	0.442150696	0.823609922	0.348855961	0.08982231	0.999243449	0.999271927	0.998889586	0.999302675	0.999264716	0.999568387	0.999563941	0.999081145	0.997935194	0.999101167	0.957349698	0.852602128	0.894965418	0.929895792	0.857023746	0.70252491	0.737140867	0.759909557	0.761263167	0.703782446	0.772947191	0.757421941	0.769551927	0.764192446	0.740400137	0.777688226	0.763485148	0.749855199	0.71765501	0.736510015	0.790537467	0.708456909	0.732916276	0.757390289	0.786889423	0.761205505	0.740642635	0.775398011	0.763518049	0.744818969	0.746011045	0.7691336	0.769234023	0.719907011	0.751654245	0.780770254	0.802931611	0.752731889	0.76741795	0.77335057	0.784490221	0.710578926	0.703578015	0.757703901	0.785282402	0.723301823	0.669416481	0.748612235	0.786938036	0.739736908	0.704166015	0.729483806	0.776101329	0.740587264	0.716430634	0.717133381	0.742302209	0.727144967	0.759768576	0.721454331	0.743387216	0.745478695	0.7663899	0.74234168
3a_d	0.954073999	0.12773924	0.961302131	0.868129326	0.956729702	0.965386185	0.96482736	0.98418973	0.981629791	0.999241246	0	0.058561197	0.014891003	0.136474122	0.023801434	0.517007609	0.561133038	0.637254002	0.622867306	0.681935672	0.965209241	0.968051156	0.984890758	0.96163864	0.991058466	0.95035422	0.119976462	0.958171102	0.868075458	0.956731715	0.957449118	0.955267085	0.942450402	0.969787997	0.981652374	0.000388273	0.061591929	0.014891003	0.141277924	0.023341466	0.573592954	0.585312889	0.637254002	0.635898042	0.681935672	0.953113208	0.963224256	0.964547178	0.96163864	0.961410407	0.923546765	0.919874958	0.922110384	0.923854332	0.916023837	0.91386111	0.904921503	0.904396049	0.917568339	0.910802153	0.89675957	0.916112547	0.911555149	0.908119998	0.91049487	0.912931935	0.918858958	0.906174606	0.901607588	0.90493369	0.914661902	0.900923595	0.90599642	0.890059221	0.913225642	0.908346399	0.907565985	0.899375182	0.908374287	0.903617017	0.908069524	0.885676248	0.915142437	0.891073855	0.903393199	0.917357543	0.922699465	0.912285064	0.901806891	0.911359506	0.92254517	0.926379584	0.908166306	0.900437329	0.921942155	0.922206733	0.914323851	0.910121999	0.906933404	0.922297937	0.906050709	0.913123637	0.919658445	0.902290206	0.917314673	0.911174299	0.907313665	0.912635025	0.91247633
3b_d	0.943520474	0.132721075	0.938367957	0.850877271	0.929369812	0.934991823	0.960900117	0.981245072	0.966865534	0.999268645	0.058561197	0	0.032567402	0.033025843	0.120345516	0.403596269	0.442320699	0.568885618	0.544063375	0.63567611	0.956583531	0.955832128	0.983053946	0.94116029	0.990843917	0.934836242	0.125343394	0.933882031	0.850576852	0.92935712	0.922999188	0.950466341	0.926972141	0.950162519	0.982959483	0.057650197	0.000500358	0.032567402	0.037547609	0.118787916	0.504675676	0.47918347	0.568885618	0.563350076	0.63567611	0.933565066	0.94856849	0.952993093	0.94116029	0.947974764	0.910330162	0.905884174	0.911690223	0.911993743	0.898122636	0.899413504	0.891315164	0.889794303	0.902634625	0.897937388	0.882586733	0.903517629	0.897895113	0.895712885	0.895955765	0.901761656	0.904375197	0.893336381	0.888321256	0.889059881	0.901038287	0.883499811	0.892877934	0.871705288	0.897533814	0.893288827	0.894994858	0.883796535	0.894406731	0.887538863	0.89730434	0.868864326	0.900263814	0.873436344	0.889394025	0.902639884	0.906376644	0.899952946	0.888566086	0.899254258	0.905900438	0.916182906	0.894346957	0.886530826	0.90746497	0.908382893	0.902264891	0.897177721	0.890757993	0.909640942	0.892823126	0.901543688	0.905573603	0.887070223	0.903559726	0.898527162	0.891983258	0.901034066	0.897166423
3c_d	0.953563079	0.126781601	0.946683883	0.85740432	0.931896815	0.949700141	0.963491327	0.983237086	0.981481054	0.998889586	0.014891003	0.032567402	0	0.086657958	0.053074953	0.472110095	0.511822242	0.59021036	0.586157401	0.647238194	0.967256083	0.965706469	0.989744245	0.947186065	0.991861291	0.94804189	0.118932327	0.941639228	0.857173998	0.931876349	0.938184795	0.953643239	0.923846273	0.968251409	0.981192607	0.014354334	0.034227339	0	0.090402055	0.052121447	0.525931261	0.529092328	0.59021036	0.593365952	0.647238194	0.945811903	0.958507255	0.960713923	0.947186065	0.953494257	0.919579571	0.913998135	0.918837068	0.91806489	0.909233246	0.910202557	0.900887171	0.900689083	0.911990117	0.907283141	0.894398964	0.911678109	0.907551195	0.902925256	0.905646591	0.908651968	0.914694576	0.902275765	0.898248398	0.898489448	0.910568781	0.895667616	0.90303149	0.884796964	0.906300763	0.904867864	0.90356628	0.893788466	0.904243832	0.898987274	0.905194822	0.881381375	0.908549512	0.887307885	0.898339103	0.910565165	0.917597411	0.90876288	0.898748954	0.906257719	0.916338243	0.92396767	0.905224925	0.89543031	0.916341201	0.918494336	0.912387605	0.906993462	0.901188812	0.920096406	0.902270332	0.909560737	0.914922146	0.899246327	0.913603393	0.90861661	0.904749875	0.910773691	0.907288574
3d_d	0.941310983	0.182294904	0.911360359	0.834687455	0.871103286	0.893573025	0.94565075	0.979332109	0.963391402	0.999297197	0.136474122	0.033025843	0.086657958	0	0.220451867	0.304951765	0.344008935	0.45819256	0.442876322	0.556150882	0.937708868	0.930569731	0.973050605	0.893290516	0.978407926	0.927915547	0.175061316	0.903279611	0.834085724	0.871059401	0.873900898	0.929834056	0.870518182	0.941398265	0.976407745	0.133770317	0.032010296	0.086657958	0.001240267	0.218611079	0.400999961	0.369986191	0.45819256	0.457135194	0.556150882	0.896137352	0.917444222	0.919628863	0.893290516	0.903646702	0.87631625	0.867565452	0.875194685	0.872044269	0.858883594	0.862051887	0.852879111	0.852078321	0.86288012	0.86172577	0.845836554	0.865347928	0.861109498	0.858223786	0.858118916	0.862963809	0.86987694	0.857448512	0.851843397	0.846268938	0.86367715	0.845029285	0.856649204	0.830709148	0.856348286	0.858237227	0.856778222	0.842825123	0.858973696	0.850374431	0.860670065	0.82957049	0.859511349	0.835747348	0.848936325	0.860821441	0.87120671	0.865297868	0.851370196	0.858759698	0.867351687	0.885958615	0.858750091	0.846651663	0.869006419	0.874733655	0.86930809	0.86001881	0.850827829	0.878091146	0.856580309	0.864229557	0.868765252	0.85078786	0.868940283	0.864943563	0.858148264	0.866639529	0.858708303
3e_d	0.958852314	0.15740295	0.980929658	0.883302401	0.983192762	0.986896304	0.981957238	0.98583872	0.989002502	0.999264303	0.023801434	0.120345516	0.053074953	0.220451867	0	0.576612964	0.616427042	0.69815832	0.676428973	0.718923744	0.988451763	0.989020101	0.996381094	0.987735959	0.998804337	0.9571644	0.148907886	0.979879429	0.8833063	0.983191109	0.984063453	0.979040367	0.975368974	0.98405717	0.99385835	0.026019458	0.123826355	0.053074953	0.226018941	5.87E-05	0.634351646	0.6416409	0.69815832	0.693059462	0.718923744	0.983535642	0.987369428	0.989587253	0.987735959	0.989127819	0.950911618	0.948240474	0.953641485	0.954330036	0.94406488	0.945207242	0.938021507	0.936436654	0.947440562	0.942304185	0.931761474	0.947434387	0.942433325	0.93836154	0.941022587	0.945541469	0.946492761	0.936779457	0.933807649	0.93791066	0.94506427	0.930712625	0.938741911	0.924258953	0.943236025	0.937838311	0.940140185	0.931704807	0.937835156	0.933310306	0.941826789	0.919475367	0.945134951	0.923813128	0.93694131	0.948490453	0.948085664	0.942257135	0.935991033	0.944192935	0.949968652	0.952425223	0.939747625	0.933591262	0.950977521	0.949179641	0.945610099	0.942846809	0.938340328	0.949879236	0.93815944	0.946660464	0.948576326	0.934705272	0.945640817	0.940575939	0.937369955	0.944635583	0.9427941
4a_d	0.955856084	0.470602241	0.958123655	0.86258466	0.839185204	0.885392252	0.967593874	0.970705552	0.993411048	0.999476612	0.517007609	0.403596269	0.472110095	0.304951765	0.576612964	0	0.061011897	0.409863069	0.269805502	0.526037333	0.955961762	0.91363934	0.950152194	0.848380693	0.930646897	0.94229097	0.479600383	0.950418616	0.861857116	0.839039373	0.873470067	0.961837904	0.844029183	0.988115749	0.996203164	0.517594406	0.406804981	0.472110095	0.31129353	0.576273805	0.357096182	0.280291584	0.409863069	0.394973357	0.526037333	0.901113324	0.900421069	0.894606452	0.848380693	0.860187839	0.847722774	0.828607179	0.857654698	0.840119523	0.819213013	0.840439437	0.834480211	0.829268451	0.827008754	0.843390191	0.839211293	0.84066517	0.836341656	0.828203552	0.830360209	0.839588761	0.840418499	0.832981843	0.831037629	0.812513805	0.836124221	0.808390384	0.840516645	0.806332399	0.816105008	0.831043515	0.834656073	0.81056743	0.830891671	0.815730568	0.848319372	0.801780604	0.820981922	0.812491648	0.82461142	0.823341961	0.83080559	0.84504925	0.842170101	0.832058765	0.826686101	0.864337713	0.842349753	0.819314657	0.835438629	0.846502448	0.860824279	0.844558962	0.821717374	0.858399269	0.84213617	0.855455216	0.839348728	0.834641506	0.840941318	0.841405736	0.838252779	0.855230715	0.827193419
4b_d	0.95549126	0.523477518	0.921867489	0.862070645	0.818382268	0.867558367	0.966093792	0.970866291	0.984140757	0.999513062	0.561133038	0.442320699	0.511822242	0.344008935	0.616427042	0.061011897	0	0.429191229	0.297631368	0.551319418	0.939421063	0.90030222	0.94769815	0.827790541	0.92999866	0.941147569	0.528917963	0.914199393	0.861268439	0.818267241	0.857918134	0.96015157	0.847605075	0.975298063	0.994889769	0.561014879	0.443550589	0.511822242	0.348613462	0.615778862	0.39417027	0.228174026	0.429191229	0.408056128	0.551319418	0.878116998	0.886047069	0.885563837	0.827790541	0.858806776	0.849056744	0.831110967	0.858939743	0.842407013	0.820368984	0.841299855	0.836293208	0.831044416	0.82849136	0.845070238	0.840364898	0.842359379	0.838332039	0.831750403	0.832218712	0.84164543	0.841770504	0.835720418	0.833063299	0.814896287	0.837828954	0.810187511	0.842083446	0.807910142	0.818603025	0.832470938	0.836805753	0.813238745	0.833503789	0.81822796	0.85034989	0.804943929	0.823055829	0.814225002	0.826958987	0.825632804	0.831547778	0.847220107	0.843848982	0.834621385	0.827668223	0.866156962	0.843705409	0.822498626	0.837050226	0.847580439	0.86166223	0.84554315	0.823800767	0.858919159	0.844058345	0.856803662	0.840587207	0.835599702	0.842318218	0.843199807	0.838862559	0.856255203	0.828940095
4c_d	0.950003632	0.657186878	0.79116755	0.807306055	0.442829329	0.622244297	0.851423322	0.985647152	0.947238867	0.999081145	0.637254002	0.568885618	0.59021036	0.45819256	0.69815832	0.409863069	0.429191229	0	0.230923545	0.212148063	0.813843318	0.767623429	0.908376961	0.540681036	0.897151686	0.908867534	0.633069722	0.759004921	0.805167112	0.442481271	0.541679657	0.794312798	0.415415166	0.895914326	0.935160981	0.629158859	0.561544226	0.59021036	0.439208243	0.69590417	0.09187922	0.168437657	0	0.069235637	0.212148063	0.636015359	0.709834567	0.683463021	0.540681036	0.549745244	0.669092391	0.628754461	0.642305978	0.609199538	0.618798624	0.633009034	0.625551433	0.635174763	0.613595232	0.646271321	0.637226084	0.627115977	0.638667061	0.640301124	0.632154053	0.621563424	0.666931022	0.653771268	0.646479108	0.578923703	0.637118552	0.638169825	0.642311125	0.601346816	0.600825217	0.660258863	0.628175252	0.608427841	0.657976365	0.64279067	0.637812312	0.623110752	0.603773544	0.634610567	0.603552207	0.584427848	0.664140837	0.664419258	0.633939395	0.604720584	0.626139051	0.712091722	0.652233239	0.610582074	0.623909734	0.678008573	0.672762818	0.635869915	0.610507171	0.694072959	0.646335253	0.628962834	0.643052475	0.646121935	0.66539388	0.675150487	0.669877645	0.662469221	0.621540773
4d_d	0.955122636	0.60847964	0.895660285	0.854230941	0.713548686	0.789467994	0.916141296	0.976331185	0.968369129	0.997741717	0.622867306	0.544063375	0.586157401	0.442876322	0.676428973	0.269805502	0.297631368	0.230923545	0	0.21366193	0.891317187	0.857244774	0.934887449	0.744840842	0.918378186	0.932078783	0.603227743	0.881829929	0.853152816	0.71341761	0.765068009	0.893517928	0.711825201	0.942328606	0.969808127	0.620042802	0.542847393	0.586157401	0.438431144	0.675502558	0.328414799	0.301534159	0.230923545	0.10069624	0.21366193	0.804037816	0.829863377	0.818919528	0.744840842	0.755283736	0.782745624	0.758430887	0.775337848	0.756898247	0.7454186	0.762506327	0.754135731	0.75410321	0.748364327	0.767940894	0.759246897	0.760418098	0.763257362	0.757602639	0.755020747	0.756930673	0.775498996	0.765192518	0.760053361	0.725819331	0.762679111	0.743127757	0.763877546	0.729994834	0.737935946	0.768456048	0.755178852	0.736678478	0.766333827	0.753120082	0.766675971	0.735793048	0.743097206	0.747071188	0.741041727	0.736619135	0.773025002	0.777099492	0.76085757	0.747321283	0.755279397	0.807221018	0.770895821	0.742752718	0.758697475	0.784903189	0.7875541	0.762193547	0.744034793	0.795144586	0.765372318	0.766603375	0.765055909	0.761212744	0.775566574	0.780962715	0.77476434	0.780197356	0.752340955
4e_d	0.960753688	0.687379093	0.889257145	0.844216566	0.626919535	0.760278769	0.916293634	0.988652896	0.969559105	0.999101167	0.681935672	0.63567611	0.647238194	0.556150882	0.718923744	0.526037333	0.551319418	0.212148063	0.21366193	0	0.891684956	0.830361878	0.924156459	0.678602611	0.910752109	0.924553941	0.66737108	0.86793224	0.842269401	0.626442013	0.702580798	0.883780984	0.59769628	0.938658162	0.963937516	0.676406919	0.630484533	0.647238194	0.543293687	0.717243642	0.292201153	0.351550526	0.212148063	0.115015229	0	0.763599051	0.79024012	0.773737636	0.678602611	0.68210313	0.756562541	0.723712056	0.751765052	0.715681527	0.721200506	0.744106312	0.742955976	0.74470928	0.72222246	0.755894196	0.755931646	0.739251248	0.741010082	0.738615864	0.735684093	0.734748425	0.75689575	0.7515587	0.751097438	0.704041649	0.741083617	0.739973389	0.754219044	0.723619256	0.710727225	0.755896187	0.742403806	0.722859876	0.752345569	0.735462697	0.752537498	0.730910834	0.713218493	0.742760436	0.725660615	0.700975328	0.746447507	0.762048411	0.75500431	0.724081285	0.725318763	0.788572192	0.756668455	0.720734017	0.729098681	0.762200475	0.776682753	0.750881302	0.723054775	0.77916596	0.758997024	0.751713804	0.746611553	0.757856426	0.755661394	0.763476515	0.76576046	0.767399169	0.726916102
5a_d	0.961512314	0.991362193	0.784797083	0.930311709	0.73187494	0.690233016	0.795421202	0.94552953	0.839177664	0.95255323	0.965209241	0.956583531	0.967256083	0.937708868	0.988451763	0.955961762	0.939421063	0.813843318	0.891317187	0.891684956	0	0.146060999	0.224544941	0.323623511	0.395526154	0.935444527	0.978136637	0.776057311	0.929535489	0.732072397	0.693068151	0.759212582	0.727772279	0.792685182	0.896514005	0.961699459	0.952436451	0.967256083	0.93018487	0.987283554	0.84317771	0.847218619	0.813843318	0.829234131	0.891684956	0.158492728	0.174321833	0.187409059	0.323623511	0.362617761	0.330726631	0.331471431	0.273672154	0.318826953	0.364388598	0.259016203	0.276412193	0.259127052	0.297439806	0.282849391	0.237869419	0.278294173	0.284879526	0.330939486	0.300941474	0.260346812	0.320501453	0.293124818	0.264948321	0.290065458	0.278255281	0.306600787	0.24340734	0.278139407	0.332399492	0.279876578	0.270990802	0.283824024	0.312416678	0.294252111	0.248328339	0.236192305	0.321214193	0.259211091	0.279502605	0.304331582	0.345553182	0.317823215	0.266691932	0.277884972	0.344647303	0.345457525	0.266286317	0.270259801	0.319557667	0.320501119	0.272416881	0.248639705	0.31198141	0.288685652	0.308420369	0.292671934	0.313971345	0.257311914	0.307776582	0.280911734	0.263954772	0.241085419	0.311033792
5b_d	0.967694021	0.987656822	0.834043059	0.923710059	0.70519001	0.590427026	0.70109038	0.864817293	0.729020099	0.846853694	0.968051156	0.955832128	0.965706469	0.930569731	0.989020101	0.91363934	0.90030222	0.767623429	0.857244774	0.830361878	0.146060999	0	0.143080597	0.207639321	0.2761077	0.936781007	0.973444538	0.819920959	0.922535489	0.705167636	0.592621923	0.685720957	0.647177789	0.699690499	0.80801981	0.964475037	0.951331939	0.965706469	0.922305593	0.987773665	0.780274062	0.78590746	0.767623429	0.786535662	0.830361878	0.163940953	0.01752725	0.0693431	0.207639321	0.227594915	0.132790066	0.129462098	0.12960187	0.136873548	0.17250871	0.12248536	0.144968055	0.122782037	0.131635254	0.142070491	0.138520288	0.127894025	0.118911494	0.145224549	0.131185747	0.12052738	0.133850888	0.123452842	0.11931664	0.145454874	0.116167279	0.145873321	0.120203052	0.143701908	0.153391116	0.11562583	0.136128732	0.129727459	0.132469314	0.111010268	0.13065667	0.100894829	0.139150576	0.118729134	0.145517248	0.138370543	0.135360448	0.147229203	0.156124459	0.136097492	0.149077124	0.144721616	0.118037691	0.115061518	0.140183763	0.122944619	0.13783185	0.130971298	0.145761468	0.115383003	0.169572234	0.173337943	0.149583182	0.137254865	0.123134288	0.10552701	0.114679524	0.113869528	0.135768248
5c_d	0.983094814	0.993790774	0.941406484	0.968193678	0.888500302	0.793781785	0.821419681	0.87049144	0.814234689	0.883697475	0.984890758	0.983053946	0.989744245	0.973050605	0.996381094	0.950152194	0.94769815	0.908376961	0.934887449	0.924156459	0.224544941	0.143080597	0	0.453558065	0.135937583	0.967306741	0.987013811	0.936726286	0.967619715	0.888468094	0.812870862	0.832517329	0.854043084	0.819521386	0.883501334	0.983574562	0.981174751	0.989744245	0.969740939	0.995854521	0.907406263	0.904251617	0.908376961	0.91387504	0.924156459	0.40911186	0.225536692	0.243897145	0.453558065	0.466475835	0.32467565	0.330452945	0.346196934	0.361003107	0.382846482	0.331532439	0.358420808	0.322199041	0.341185988	0.345093167	0.350434809	0.341178242	0.323530209	0.339857776	0.337451942	0.336050127	0.32292874	0.309875024	0.309872201	0.371191815	0.315740362	0.323513451	0.322022423	0.358167445	0.368081117	0.292510678	0.342110683	0.330430656	0.317656442	0.293042722	0.342243789	0.287489865	0.353203226	0.307949339	0.364662895	0.368019564	0.31014971	0.340977243	0.368937474	0.354242319	0.353561033	0.311018746	0.319394524	0.323098161	0.351945512	0.306786187	0.342192161	0.341842456	0.363755021	0.293133165	0.377849874	0.403819593	0.349700772	0.336314918	0.311293863	0.279287235	0.295316575	0.313919526	0.345611527
5d_d	0.965241135	0.984730908	0.698025734	0.87747892	0.388115372	0.461733666	0.732835432	0.940129059	0.829670636	0.929895792	0.96163864	0.94116029	0.947186065	0.893290516	0.987735959	0.848380693	0.827790541	0.540681036	0.744840842	0.678602611	0.323623511	0.207639321	0.453558065	0	0.518469967	0.918175109	0.96339044	0.662743979	0.875426945	0.387991718	0.410999321	0.671423786	0.38530102	0.77094392	0.861725083	0.955961139	0.934523454	0.947186065	0.87970135	0.986010765	0.569996952	0.604696472	0.540681036	0.603554119	0.678602611	0.104209573	0.138634281	0.10518867	0	0.078107697	0.247422451	0.204554112	0.206406683	0.180411172	0.228505654	0.191830793	0.21469247	0.209450415	0.180954892	0.228243552	0.229257006	0.193809564	0.211958732	0.244571884	0.217161372	0.191188171	0.250024822	0.243140531	0.229516152	0.166885875	0.199200327	0.236973784	0.216781845	0.207180314	0.196890208	0.230073352	0.207416133	0.191429312	0.248295344	0.223587264	0.21455246	0.205738519	0.185913898	0.222419424	0.192442842	0.161127601	0.24127821	0.260281097	0.231368295	0.178235671	0.207477892	0.299124304	0.227170629	0.192013964	0.196136433	0.253099858	0.254224368	0.20660909	0.205091308	0.259690935	0.256588366	0.230382302	0.223506605	0.230487226	0.240099367	0.240226009	0.241205488	0.22592524	0.202867448
5e_d	0.995882839	0.994735486	0.965010778	0.974506891	0.888468148	0.727349922	0.744204864	0.720655014	0.749897664	0.823201134	0.991058466	0.990843917	0.991861291	0.978407926	0.998804337	0.930646897	0.92999866	0.897151686	0.918378186	0.910752109	0.395526154	0.2761077	0.135937583	0.518469967	0	0.984352864	0.990652729	0.959291559	0.9739693	0.888403327	0.774066991	0.784992541	0.828946053	0.782058066	0.841103215	0.990196024	0.98971954	0.991861291	0.975945004	0.998527946	0.896057888	0.895478331	0.897151686	0.904923785	0.910752109	0.549267119	0.355157661	0.385440271	0.518469967	0.515545481	0.351043048	0.359233553	0.395518115	0.40380543	0.378758421	0.38270421	0.395667245	0.367042658	0.37129879	0.378197905	0.412718833	0.381465131	0.370103294	0.358420382	0.367957121	0.392203379	0.34122273	0.345234372	0.355738749	0.406447873	0.361134918	0.331001945	0.378194313	0.395666724	0.381828491	0.332603527	0.382650041	0.365197413	0.341928362	0.333374191	0.402654582	0.353112947	0.378001019	0.359364933	0.402440907	0.406169242	0.324745795	0.364474677	0.413615768	0.398717362	0.364210235	0.330196599	0.372075622	0.381526722	0.37640056	0.334643571	0.387816655	0.3932233	0.390830163	0.332034582	0.397234367	0.439039187	0.36351616	0.378467557	0.341916857	0.334068732	0.343069728	0.376957674	0.377449785
1a	0.029051647	0.778325396	0.446868336	0.119589602	0.675820708	0.920984205	0.957621648	0.997736837	0.952766202	0.999753873	0.95035422	0.934836242	0.94804189	0.927915547	0.9571644	0.94229097	0.941147569	0.908867534	0.932078783	0.924553941	0.935444527	0.936781007	0.967306741	0.918175109	0.984352864	0	0.767582453	0.469146313	0.119965501	0.675841509	0.911568701	0.941517532	0.917418181	0.934945398	0.98055726	0.948544173	0.932476472	0.94804189	0.924281979	0.956352263	0.908256059	0.90462769	0.908867534	0.911909721	0.924553941	0.906402004	0.927307458	0.926249996	0.918175109	0.914243162	0.933588971	0.932779328	0.93130517	0.931351184	0.92639793	0.924514373	0.927342116	0.926957999	0.927296973	0.930081371	0.923544311	0.930240404	0.929754166	0.937738131	0.929501985	0.931792293	0.932268653	0.935155697	0.931667144	0.925016204	0.929297882	0.929444117	0.92809923	0.92138343	0.929372092	0.930064209	0.930569414	0.928076097	0.933822892	0.930899537	0.930876552	0.927464926	0.929798102	0.924439527	0.927597681	0.927307733	0.93108	0.934133204	0.925818216	0.930509882	0.92748103	0.941287702	0.927677886	0.930491919	0.928614762	0.93282329	0.929233061	0.92655597	0.925525323	0.932833073	0.929839643	0.926822462	0.92999012	0.925125345	0.932369968	0.933828726	0.926694648	0.928889912	0.927794124
1b	0.772276432	0.006392667	0.872328251	0.651929695	0.899205402	0.969202711	0.973579266	0.98340131	0.982702039	0.999290279	0.119976462	0.125343394	0.118932327	0.175061316	0.148907886	0.479600383	0.528917963	0.633069722	0.603227743	0.66737108	0.978136637	0.973444538	0.987013811	0.96339044	0.990652729	0.767582453	0	0.871716599	0.65195895	0.89919893	0.962765632	0.967628742	0.947270081	0.975760779	0.992330166	0.121729774	0.128957061	0.118932327	0.181104834	0.148570572	0.559842142	0.561651008	0.633069722	0.626544995	0.66737108	0.963204842	0.968871664	0.969042297	0.96339044	0.962276878	0.927381082	0.922758164	0.931279149	0.929696513	0.917357502	0.920076717	0.913482635	0.911070516	0.921356333	0.918809135	0.907442548	0.923512905	0.917779341	0.914506007	0.91604229	0.922081172	0.922578937	0.913117455	0.909578209	0.910725021	0.920207836	0.903873763	0.915065603	0.8964439	0.916779762	0.912616986	0.915866765	0.904911143	0.913375936	0.906802874	0.919387123	0.892235591	0.918973015	0.896452406	0.911529168	0.922487373	0.922300664	0.919249197	0.912205699	0.91963382	0.923455806	0.931624176	0.915709313	0.907991652	0.925809805	0.925673686	0.923747643	0.918985565	0.91209644	0.927696491	0.914975376	0.924312319	0.924287803	0.909915133	0.921408775	0.916495895	0.912551384	0.92212926	0.916647224
1c	0.504715074	0.893836329	0.011068537	0.455848942	0.319146855	0.698516877	0.825030694	0.998981406	0.899497083	0.999965964	0.958171102	0.933882031	0.941639228	0.903279611	0.979879429	0.950418616	0.914199393	0.759004921	0.881829929	0.86793224	0.776057311	0.819920959	0.936726286	0.662743979	0.959291559	0.469146313	0.871716599	0	0.454713985	0.319832981	0.671171423	0.75778348	0.678485012	0.833595961	0.928306834	0.953163576	0.927667059	0.941639228	0.893156561	0.978237639	0.79082076	0.789177216	0.759004921	0.79025495	0.86793224	0.653443511	0.778417586	0.749249444	0.662743979	0.698657621	0.809429499	0.804882209	0.773389419	0.785072078	0.788154118	0.762317635	0.763658908	0.771800583	0.774867697	0.773578469	0.759061497	0.773451523	0.789215392	0.809942966	0.788193708	0.782014505	0.805943978	0.806151344	0.788846051	0.760845024	0.782986387	0.788548093	0.775497505	0.763826333	0.786987826	0.793475002	0.77080621	0.774423743	0.803918245	0.807608896	0.773747776	0.79157745	0.786553664	0.779550425	0.76273477	0.77665012	0.813731088	0.798079411	0.756028534	0.76806368	0.788404923	0.826555957	0.782346555	0.791375308	0.780811714	0.813713403	0.778466965	0.759703489	0.77652153	0.80535608	0.773810294	0.753190893	0.780492437	0.765814379	0.801666271	0.806108123	0.788928207	0.777311481	0.782866335
1d	0.129914325	0.66551195	0.450044967	3.63E-05	0.597967725	0.895395704	0.946522054	0.995485084	0.966094594	0.999831593	0.868075458	0.850576852	0.857173998	0.834085724	0.8833063	0.861857116	0.861268439	0.805167112	0.853152816	0.842269401	0.929535489	0.922535489	0.967619715	0.875426945	0.9739693	0.119965501	0.65195895	0.454713985	0	0.598056047	0.874693526	0.925507983	0.853352743	0.944787385	0.971398214	0.865509308	0.847798821	0.857173998	0.829263043	0.882335404	0.7970332	0.805417448	0.805167112	0.81922198	0.842269401	0.880396301	0.906518237	0.902958604	0.875426945	0.87840035	0.90243506	0.895535457	0.896125299	0.890851197	0.892069056	0.892238747	0.891991609	0.893836054	0.891303809	0.896549125	0.891174781	0.893755804	0.895123502	0.898808777	0.894529553	0.892881635	0.901833387	0.900100442	0.89735416	0.884114859	0.895521525	0.896284952	0.895341141	0.885548649	0.889633632	0.899701423	0.893807004	0.890413401	0.900503792	0.8967919	0.894830098	0.891642861	0.890223282	0.892051468	0.888547743	0.886359308	0.901688551	0.90104221	0.892039805	0.890052935	0.893564567	0.912986161	0.896100488	0.890218351	0.893222768	0.903822039	0.900048541	0.893465504	0.889001086	0.906822159	0.896460458	0.891708085	0.897179435	0.894528673	0.90137473	0.902941076	0.89917292	0.898636455	0.892046898
1e	0.73871433	0.925897334	0.370671194	0.601173694	3.21E-06	0.51303079	0.802172701	0.999509109	0.916137078	0.999986181	0.956731715	0.92935712	0.931876349	0.871059401	0.983191109	0.839039373	0.818267241	0.442481271	0.71341761	0.626442013	0.732072397	0.705167636	0.888468094	0.387991718	0.888403327	0.675841509	0.89919893	0.319832981	0.598056047	0	0.421916376	0.717540556	0.308892447	0.8461061	0.916109407	0.94990063	0.921624318	0.931876349	0.854609245	0.981195338	0.484564679	0.547675712	0.442481271	0.535258415	0.626442013	0.488875594	0.628951415	0.582603467	0.387991718	0.420542394	0.649278636	0.613731442	0.603264666	0.578100015	0.598787867	0.597934951	0.601101847	0.615697573	0.584236471	0.620099957	0.615453768	0.596681307	0.620865489	0.639474264	0.616436031	0.598367979	0.649621164	0.651593063	0.638322584	0.556739645	0.613632404	0.632761671	0.623040659	0.593082008	0.583085953	0.648062565	0.604782833	0.597834831	0.650889936	0.643256829	0.614310032	0.633191041	0.58450826	0.632323391	0.581343431	0.557295522	0.64970154	0.649311962	0.607359126	0.577569519	0.598452416	0.696799713	0.631501172	0.606918387	0.592198351	0.66032662	0.642123688	0.603242573	0.591488947	0.672137524	0.625984883	0.588868089	0.613233431	0.623579363	0.647563921	0.664544331	0.653423487	0.634848574	0.601375891
